<?xml version="1.0" encoding="utf-8"?>
<COLLADA xmlns="http://www.collada.org/2005/11/COLLADASchema" version="1.4.1">
  <asset>
    <contributor>
      <author>Mixamo</author>
      <authoring_tool>COLLADA Mixamo exporter</authoring_tool>
      <comments/>
    </contributor>
    <created>2023-03-26T04:20:59Z</created>
    <modified>2023-03-26T04:20:59Z</modified>
    <revision/>
    <title/>
    <unit meter="0.010000"/>
    <up_axis>Y_UP</up_axis>
  </asset>
  <library_animations>
    <animation id="mixamorig_Hips-anim" name="mixamorig_Hips">
      <source id="mixamorig_Hips-Matrix-animation-input">
        <float_array id="mixamorig_Hips-Matrix-animation-input-array" count="60">

0.000000 0.033333 0.066667 0.100000 0.133333 0.166667 0.200000 0.233333 0.266667 0.300000 0.333333 0.366667 0.400000 0.433333 0.466667 0.500000
0.533333 0.566667 0.600000 0.633333 0.666667 0.700000 0.733333 0.766667 0.800000 0.833333 0.866667 0.900000 0.933333 0.966667 1.000000 1.033333
1.066667 1.100000 1.133333 1.166667 1.200000 1.233333 1.266667 1.300000 1.333333 1.366667 1.400000 1.433333 1.466667 1.500000 1.533333 1.566667
1.600000 1.633333 1.666667 1.700000 1.733333 1.766667 1.800000 1.833333 1.866667 1.900000 1.933333 1.966667</float_array>
        <technique_common>
          <accessor source="#mixamorig_Hips-Matrix-animation-input-array" count="60">
            <param name="TIME" type="float"/>
          </accessor>
        </technique_common>
      </source>
      <source id="mixamorig_Hips-Matrix-animation-output-transform">
        <float_array id="mixamorig_Hips-Matrix-animation-output-transform-array" count="960">

0.726876 0.052410 -0.684766 -0.382951 0.001176 0.996987 0.077555 107.879204 0.686768 -0.057179 0.724624 -0.467619 0.000000 0.000000 0.000000 1.000000
0.726578 0.052635 -0.685065 -0.369583 0.001207 0.996962 0.077879 107.895233 0.687083 -0.057412 0.724307 -0.480864 0.000000 0.000000 0.000000 1.000000
0.726368 0.052836 -0.685272 -0.354668 0.001223 0.996940 0.078162 107.912071 0.687305 -0.057613 0.724081 -0.488608 0.000000 0.000000 0.000000 1.000000
0.726373 0.053203 -0.685239 -0.339990 0.001037 0.996913 0.078501 107.931900 0.687300 -0.057732 0.724076 -0.486203 0.000000 0.000000 0.000000 1.000000
0.726660 0.053626 -0.684902 -0.328369 0.000762 0.996885 0.078863 107.955460 0.686997 -0.057829 0.724355 -0.470777 0.000000 0.000000 0.000000 1.000000
0.727166 0.054091 -0.684327 -0.321677 0.000508 0.996848 0.079333 107.981865 0.686461 -0.058035 0.724847 -0.442110 0.000000 0.000000 0.000000 1.000000
0.727741 0.054580 -0.683677 -0.319621 0.000355 0.996798 0.079956 108.011497 0.685852 -0.058430 0.725391 -0.402399 0.000000 0.000000 0.000000 1.000000
0.728221 0.055092 -0.683125 -0.320475 0.000260 0.996742 0.080661 108.047989 0.685343 -0.058917 0.725833 -0.353966 0.000000 0.000000 0.000000 1.000000
0.728511 0.055509 -0.682782 -0.322490 0.000187 0.996695 0.081229 108.094513 0.685034 -0.059304 0.726093 -0.298019 0.000000 0.000000 0.000000 1.000000
0.728591 0.055816 -0.682671 -0.323257 0.000076 0.996668 0.081569 108.148628 0.684949 -0.059482 0.726159 -0.235058 0.000000 0.000000 0.000000 1.000000
0.728487 0.056086 -0.682760 -0.319298 -0.000071 0.996649 0.081795 108.201347 0.685060 -0.059537 0.726050 -0.167345 0.000000 0.000000 0.000000 1.000000
0.728281 0.056438 -0.682951 -0.307747 -0.000214 0.996621 0.082131 108.242569 0.685279 -0.059668 0.725833 -0.099003 0.000000 0.000000 0.000000 1.000000
0.728162 0.056896 -0.683039 -0.290029 -0.000293 0.996574 0.082700 108.268715 0.685405 -0.060019 0.725685 -0.033626 0.000000 0.000000 0.000000 1.000000
0.728353 0.057403 -0.682793 -0.272525 -0.000306 0.996512 0.083452 108.287399 0.685202 -0.060574 0.725830 0.028331 0.000000 0.000000 0.000000 1.000000
0.728895 0.057982 -0.682166 -0.262097 -0.000391 0.996442 0.084276 108.313309 0.684626 -0.061161 0.726324 0.088798 0.000000 0.000000 0.000000 1.000000
0.729507 0.058557 -0.681462 -0.260079 -0.000613 0.996384 0.084961 108.356812 0.683973 -0.061562 0.726905 0.148012 0.000000 0.000000 0.000000 1.000000
0.729793 0.059067 -0.681112 -0.261983 -0.000975 0.996350 0.085361 108.416534 0.683667 -0.061632 0.727187 0.203850 0.000000 0.000000 0.000000 1.000000
0.729591 0.059452 -0.681295 -0.262592 -0.001384 0.996340 0.085463 108.481483 0.683883 -0.061410 0.727003 0.254415 0.000000 0.000000 0.000000 1.000000
0.729107 0.059749 -0.681786 -0.260360 -0.001761 0.996342 0.085433 108.539429 0.684397 -0.061089 0.726546 0.300926 0.000000 0.000000 0.000000 1.000000
0.728706 0.060028 -0.682191 -0.257171 -0.002067 0.996339 0.085463 108.583916 0.684824 -0.060867 0.726162 0.347345 0.000000 0.000000 0.000000 1.000000
0.728603 0.060244 -0.682282 -0.255598 -0.002257 0.996330 0.085564 108.615814 0.684933 -0.060802 0.726065 0.397520 0.000000 0.000000 0.000000 1.000000
0.728770 0.060461 -0.682084 -0.256917 -0.002399 0.996314 0.085751 108.641922 0.684754 -0.060857 0.726229 0.453580 0.000000 0.000000 0.000000 1.000000
0.729059 0.060662 -0.681757 -0.260844 -0.002518 0.996296 0.085957 108.668068 0.684446 -0.060951 0.726511 0.514270 0.000000 0.000000 0.000000 1.000000
0.729326 0.060773 -0.681462 -0.266337 -0.002575 0.996284 0.086093 108.695786 0.684161 -0.061035 0.726772 0.575259 0.000000 0.000000 0.000000 1.000000
0.729463 0.060816 -0.681311 -0.272052 -0.002601 0.996279 0.086146 108.721779 0.684015 -0.061068 0.726907 0.631022 0.000000 0.000000 0.000000 1.000000
0.729423 0.060780 -0.681357 -0.277027 -0.002604 0.996284 0.086085 108.741844 0.684058 -0.061018 0.726871 0.675693 0.000000 0.000000 0.000000 1.000000
0.729216 0.060722 -0.681584 -0.281446 -0.002643 0.996298 0.085931 108.755241 0.684278 -0.060861 0.726677 0.705764 0.000000 0.000000 0.000000 1.000000
0.728959 0.060601 -0.681869 -0.286484 -0.002697 0.996320 0.085665 108.764336 0.684552 -0.060607 0.726441 0.721138 0.000000 0.000000 0.000000 1.000000
0.728759 0.060462 -0.682096 -0.292678 -0.002782 0.996348 0.085346 108.770035 0.684765 -0.060299 0.726265 0.724471 0.000000 0.000000 0.000000 1.000000
0.728627 0.060366 -0.682246 -0.299032 -0.002898 0.996371 0.085065 108.767418 0.684905 -0.060003 0.726157 0.717539 0.000000 0.000000 0.000000 1.000000
0.728539 0.060239 -0.682351 -0.303698 -0.002931 0.996391 0.084833 108.747902 0.684998 -0.059805 0.726086 0.699889 0.000000 0.000000 0.000000 1.000000
0.728528 0.060123 -0.682373 -0.305902 -0.002875 0.996400 0.084722 108.708511 0.685010 -0.059761 0.726078 0.671699 0.000000 0.000000 0.000000 1.000000
0.728673 0.060064 -0.682222 -0.307113 -0.002784 0.996398 0.084751 108.657570 0.684856 -0.059857 0.726216 0.634941 0.000000 0.000000 0.000000 1.000000
0.728965 0.060049 -0.681912 -0.310110 -0.002721 0.996391 0.084833 108.611298 0.684545 -0.059985 0.726498 0.593039 0.000000 0.000000 0.000000 1.000000
0.729258 0.060055 -0.681598 -0.316722 -0.002725 0.996388 0.084875 108.583946 0.684234 -0.060038 0.726787 0.549115 0.000000 0.000000 0.000000 1.000000
0.729344 0.059831 -0.681526 -0.325772 -0.002665 0.996409 0.084623 108.576126 0.684142 -0.059903 0.726884 0.503439 0.000000 0.000000 0.000000 1.000000
0.729124 0.059429 -0.681797 -0.333489 -0.002537 0.996450 0.084143 108.574112 0.684377 -0.059621 0.726687 0.454546 0.000000 0.000000 0.000000 1.000000
0.728724 0.059002 -0.682261 -0.336887 -0.002365 0.996492 0.083651 108.557846 0.684803 -0.059345 0.726308 0.401129 0.000000 0.000000 0.000000 1.000000
0.728426 0.058659 -0.682609 -0.337168 -0.002158 0.996520 0.083331 108.516106 0.685122 -0.059227 0.726017 0.345194 0.000000 0.000000 0.000000 1.000000
0.728425 0.058403 -0.682632 -0.338416 -0.001935 0.996531 0.083194 108.454742 0.685123 -0.059280 0.726011 0.291634 0.000000 0.000000 0.000000 1.000000
0.728655 0.058178 -0.682406 -0.343645 -0.001715 0.996537 0.083128 108.391365 0.684879 -0.059402 0.726232 0.244288 0.000000 0.000000 0.000000 1.000000
0.728846 0.057916 -0.682223 -0.352977 -0.001483 0.996547 0.083015 108.342186 0.684676 -0.059493 0.726416 0.202895 0.000000 0.000000 0.000000 1.000000
0.728768 0.057552 -0.682338 -0.364515 -0.001227 0.996570 0.082745 108.311104 0.684760 -0.059464 0.726339 0.163098 0.000000 0.000000 0.000000 1.000000
0.728393 0.057135 -0.682774 -0.376068 -0.000959 0.996601 0.082373 108.289886 0.685159 -0.059345 0.725972 0.119336 0.000000 0.000000 0.000000 1.000000
0.727883 0.056717 -0.683352 -0.385768 -0.000686 0.996633 0.081988 108.265488 0.685701 -0.059209 0.725471 0.067771 0.000000 0.000000 0.000000 1.000000
0.727450 0.056352 -0.683842 -0.392694 -0.000449 0.996661 0.081653 108.230560 0.686160 -0.059091 0.725047 0.007691 0.000000 0.000000 0.000000 1.000000
0.727222 0.056018 -0.684113 -0.397445 -0.000252 0.996686 0.081345 108.185951 0.686403 -0.058984 0.724826 -0.058308 0.000000 0.000000 0.000000 1.000000
0.727210 0.055667 -0.684155 -0.401579 -0.000072 0.996712 0.081022 108.138939 0.686415 -0.058871 0.724823 -0.125739 0.000000 0.000000 0.000000 1.000000
0.727350 0.055296 -0.684035 -0.406012 0.000101 0.996740 0.080682 108.098022 0.686266 -0.058753 0.724974 -0.190199 0.000000 0.000000 0.000000 1.000000
0.727547 0.054909 -0.683857 -0.409602 0.000283 0.996768 0.080336 108.066437 0.686057 -0.058642 0.725180 -0.248451 0.000000 0.000000 0.000000 1.000000
0.727679 0.054470 -0.683752 -0.409995 0.000519 0.996798 0.079961 108.040520 0.685918 -0.058541 0.725321 -0.298093 0.000000 0.000000 0.000000 1.000000
0.727643 0.054015 -0.683826 -0.406105 0.000780 0.996829 0.079570 108.014252 0.685956 -0.058432 0.725293 -0.337239 0.000000 0.000000 0.000000 1.000000
0.727424 0.053724 -0.684082 -0.399097 0.000923 0.996853 0.079269 107.985252 0.686188 -0.058294 0.725085 -0.365215 0.000000 0.000000 0.000000 1.000000
0.727100 0.053554 -0.684440 -0.391861 0.000983 0.996871 0.079044 107.955597 0.686531 -0.058145 0.724772 -0.384724 0.000000 0.000000 0.000000 1.000000
0.726803 0.053409 -0.684766 -0.386697 0.001028 0.996886 0.078844 107.929733 0.686845 -0.058008 0.724485 -0.399822 0.000000 0.000000 0.000000 1.000000
0.726639 0.053257 -0.684952 -0.384495 0.001066 0.996902 0.078644 107.910065 0.687019 -0.057876 0.724331 -0.413836 0.000000 0.000000 0.000000 1.000000
0.726646 0.053052 -0.684960 -0.384586 0.001110 0.996922 0.078392 107.896759 0.687011 -0.057724 0.724351 -0.428593 0.000000 0.000000 0.000000 1.000000
0.726766 0.052781 -0.684854 -0.385210 0.001159 0.996948 0.078064 107.888557 0.686884 -0.057528 0.724487 -0.444352 0.000000 0.000000 0.000000 1.000000
0.726857 0.052489 -0.684780 -0.384120 0.001206 0.996976 0.077698 107.882050 0.686788 -0.057301 0.724596 -0.460253 0.000000 0.000000 0.000000 1.000000
0.726856 0.052349 -0.684792 -0.382966 0.001226 0.996990 0.077517 107.878906 0.686789 -0.057184 0.724604 -0.467988 0.000000 0.000000 0.000000 1.000000</float_array>
        <technique_common>
          <accessor source="#mixamorig_Hips-Matrix-animation-output-transform-array" count="60" stride="16">
            <param type="float4x4"/>
          </accessor>
        </technique_common>
      </source>
      <source id="mixamorig_Hips-Interpolations">
        <Name_array id="mixamorig_Hips-Interpolations-array" count="60">
 LINEAR LINEAR LINEAR LINEAR LINEAR LINEAR LINEAR LINEAR LINEAR LINEAR LINEAR
LINEAR LINEAR LINEAR LINEAR LINEAR LINEAR LINEAR LINEAR LINEAR LINEAR LINEAR LINEAR
LINEAR LINEAR LINEAR LINEAR LINEAR LINEAR LINEAR LINEAR LINEAR LINEAR LINEAR LINEAR
LINEAR LINEAR LINEAR LINEAR LINEAR LINEAR LINEAR LINEAR LINEAR LINEAR LINEAR LINEAR
LINEAR LINEAR LINEAR LINEAR LINEAR LINEAR LINEAR LINEAR LINEAR LINEAR LINEAR LINEAR
LINEAR</Name_array>
        <technique_common>
          <accessor source="#mixamorig_Hips-Interpolations-array" count="60">
            <param type="name"/>
          </accessor>
        </technique_common>
      </source>
      <sampler id="mixamorig_Hips-Matrix-animation-transform">
        <input semantic="INPUT" source="#mixamorig_Hips-Matrix-animation-input"/>
        <input semantic="OUTPUT" source="#mixamorig_Hips-Matrix-animation-output-transform"/>
        <input semantic="INTERPOLATION" source="#mixamorig_Hips-Interpolations"/>
      </sampler>
      <channel source="#mixamorig_Hips-Matrix-animation-transform" target="mixamorig_Hips/matrix"/>
    </animation>
    <animation id="mixamorig_Spine-anim" name="mixamorig_Spine">
      <source id="mixamorig_Spine-Matrix-animation-input">
        <float_array id="mixamorig_Spine-Matrix-animation-input-array" count="60">

0.000000 0.033333 0.066667 0.100000 0.133333 0.166667 0.200000 0.233333 0.266667 0.300000 0.333333 0.366667 0.400000 0.433333 0.466667 0.500000
0.533333 0.566667 0.600000 0.633333 0.666667 0.700000 0.733333 0.766667 0.800000 0.833333 0.866667 0.900000 0.933333 0.966667 1.000000 1.033333
1.066667 1.100000 1.133333 1.166667 1.200000 1.233333 1.266667 1.300000 1.333333 1.366667 1.400000 1.433333 1.466667 1.500000 1.533333 1.566667
1.600000 1.633333 1.666667 1.700000 1.733333 1.766667 1.800000 1.833333 1.866667 1.900000 1.933333 1.966667</float_array>
        <technique_common>
          <accessor source="#mixamorig_Spine-Matrix-animation-input-array" count="60">
            <param name="TIME" type="float"/>
          </accessor>
        </technique_common>
      </source>
      <source id="mixamorig_Spine-Matrix-animation-output-transform">
        <float_array id="mixamorig_Spine-Matrix-animation-output-transform-array" count="960">

0.996238 0.012327 0.085780 0.072000 -0.011815 0.999909 -0.006468 7.257300 -0.085852 0.005430 0.996293 -0.789700 0.000000 0.000000 0.000000 1.000000
0.996238 0.012345 0.085777 0.072000 -0.011838 0.999909 -0.006419 7.257300 -0.085849 0.005379 0.996294 -0.789700 0.000000 0.000000 0.000000 1.000000
0.996238 0.012330 0.085775 0.072000 -0.011832 0.999910 -0.006311 7.257300 -0.085845 0.005272 0.996295 -0.789700 0.000000 0.000000 0.000000 1.000000
0.996244 0.012237 0.085717 0.072000 -0.011754 0.999912 -0.006140 7.257300 -0.085785 0.005109 0.996301 -0.789700 0.000000 0.000000 0.000000 1.000000
0.996258 0.012072 0.085586 0.072000 -0.011610 0.999915 -0.005904 7.257300 -0.085650 0.004888 0.996313 -0.789700 0.000000 0.000000 0.000000 1.000000
0.996285 0.011816 0.085308 0.072000 -0.011379 0.999920 -0.005611 7.257300 -0.085368 0.004620 0.996339 -0.789700 0.000000 0.000000 0.000000 1.000000
0.996312 0.011545 0.085022 0.072000 -0.011136 0.999924 -0.005280 7.257300 -0.085077 0.004313 0.996365 -0.789700 0.000000 0.000000 0.000000 1.000000
0.996330 0.011278 0.084844 0.072000 -0.010902 0.999929 -0.004899 7.257300 -0.084894 0.003956 0.996382 -0.789700 0.000000 0.000000 0.000000 1.000000
0.996339 0.011013 0.084782 0.072000 -0.010673 0.999933 -0.004459 7.257300 -0.084825 0.003538 0.996390 -0.789700 0.000000 0.000000 0.000000 1.000000
0.996340 0.010737 0.084803 0.072000 -0.010440 0.999938 -0.003950 7.257300 -0.084840 0.003050 0.996390 -0.789700 0.000000 0.000000 0.000000 1.000000
0.996338 0.010449 0.084867 0.072000 -0.010196 0.999942 -0.003414 7.257300 -0.084897 0.002536 0.996386 -0.789700 0.000000 0.000000 0.000000 1.000000
0.996334 0.010153 0.084943 0.072000 -0.009942 0.999946 -0.002910 7.257300 -0.084968 0.002055 0.996382 -0.789700 0.000000 0.000000 0.000000 1.000000
0.996334 0.009853 0.084980 0.072000 -0.009679 0.999950 -0.002459 7.257300 -0.085000 0.001627 0.996380 -0.789700 0.000000 0.000000 0.000000 1.000000
0.996343 0.009544 0.084909 0.072000 -0.009404 0.999954 -0.002038 7.257300 -0.084925 0.001232 0.996387 -0.789700 0.000000 0.000000 0.000000 1.000000
0.996363 0.009204 0.084716 0.072000 -0.009101 0.999957 -0.001607 7.257300 -0.084727 0.000830 0.996404 -0.789700 0.000000 0.000000 0.000000 1.000000
0.996383 0.008845 0.084518 0.072000 -0.008781 0.999961 -0.001136 7.257300 -0.084524 0.000389 0.996421 -0.789700 0.000000 0.000000 0.000000 1.000000
0.996394 0.008487 0.084425 0.072000 -0.008464 0.999964 -0.000632 7.257300 -0.084427 -0.000085 0.996430 -0.789700 0.000000 0.000000 0.000000 1.000000
0.996394 0.008172 0.084453 0.072000 -0.008190 0.999966 -0.000129 7.257300 -0.084452 -0.000563 0.996427 -0.789700 0.000000 0.000000 0.000000 1.000000
0.996390 0.007899 0.084523 0.072000 -0.007957 0.999968 0.000339 7.257300 -0.084518 -0.001011 0.996421 -0.789700 0.000000 0.000000 0.000000 1.000000
0.996389 0.007645 0.084555 0.072000 -0.007735 0.999970 0.000746 7.257300 -0.084547 -0.001397 0.996419 -0.789700 0.000000 0.000000 0.000000 1.000000
0.996395 0.007398 0.084513 0.072000 -0.007519 0.999971 0.001113 7.257300 -0.084502 -0.001745 0.996422 -0.789700 0.000000 0.000000 0.000000 1.000000
0.996404 0.007156 0.084422 0.072000 -0.007306 0.999972 0.001462 7.257300 -0.084409 -0.002074 0.996429 -0.789700 0.000000 0.000000 0.000000 1.000000
0.996413 0.006920 0.084336 0.072000 -0.007097 0.999973 0.001805 7.257300 -0.084321 -0.002397 0.996436 -0.789700 0.000000 0.000000 0.000000 1.000000
0.996419 0.006704 0.084288 0.072000 -0.006907 0.999974 0.002123 7.257300 -0.084272 -0.002698 0.996439 -0.789700 0.000000 0.000000 0.000000 1.000000
0.996421 0.006520 0.084273 0.072000 -0.006745 0.999974 0.002386 7.257300 -0.084255 -0.002946 0.996440 -0.789700 0.000000 0.000000 0.000000 1.000000
0.996421 0.006394 0.084287 0.072000 -0.006634 0.999975 0.002564 7.257300 -0.084269 -0.003114 0.996438 -0.789700 0.000000 0.000000 0.000000 1.000000
0.996419 0.006340 0.084316 0.072000 -0.006584 0.999975 0.002622 7.257300 -0.084297 -0.003168 0.996436 -0.789700 0.000000 0.000000 0.000000 1.000000
0.996416 0.006364 0.084351 0.072000 -0.006601 0.999975 0.002535 7.257300 -0.084333 -0.003083 0.996433 -0.789700 0.000000 0.000000 0.000000 1.000000
0.996412 0.006436 0.084387 0.072000 -0.006656 0.999975 0.002332 7.257300 -0.084370 -0.002885 0.996430 -0.789700 0.000000 0.000000 0.000000 1.000000
0.996408 0.006541 0.084433 0.072000 -0.006740 0.999975 0.002075 7.257300 -0.084417 -0.002636 0.996427 -0.789700 0.000000 0.000000 0.000000 1.000000
0.996402 0.006681 0.084486 0.072000 -0.006857 0.999975 0.001790 7.257300 -0.084471 -0.002362 0.996423 -0.789700 0.000000 0.000000 0.000000 1.000000
0.996398 0.006852 0.084517 0.072000 -0.006999 0.999974 0.001443 7.257300 -0.084505 -0.002030 0.996421 -0.789700 0.000000 0.000000 0.000000 1.000000
0.996398 0.007042 0.084512 0.072000 -0.007153 0.999974 0.001014 7.257300 -0.084503 -0.001615 0.996422 -0.789700 0.000000 0.000000 0.000000 1.000000
0.996398 0.007234 0.084487 0.072000 -0.007308 0.999973 0.000567 7.257300 -0.084481 -0.001183 0.996424 -0.789700 0.000000 0.000000 0.000000 1.000000
0.996397 0.007422 0.084481 0.072000 -0.007462 0.999972 0.000162 7.257300 -0.084477 -0.000791 0.996425 -0.789700 0.000000 0.000000 0.000000 1.000000
0.996392 0.007632 0.084529 0.072000 -0.007643 0.999971 -0.000188 7.257300 -0.084528 -0.000459 0.996421 -0.789700 0.000000 0.000000 0.000000 1.000000
0.996382 0.007869 0.084623 0.072000 -0.007854 0.999969 -0.000517 7.257300 -0.084624 -0.000149 0.996413 -0.789700 0.000000 0.000000 0.000000 1.000000
0.996372 0.008130 0.084714 0.072000 -0.008086 0.999967 -0.000862 7.257300 -0.084719 0.000174 0.996405 -0.789700 0.000000 0.000000 0.000000 1.000000
0.996366 0.008384 0.084764 0.072000 -0.008308 0.999965 -0.001256 7.257300 -0.084771 0.000547 0.996400 -0.789700 0.000000 0.000000 0.000000 1.000000
0.996364 0.008599 0.084767 0.072000 -0.008488 0.999963 -0.001669 7.257300 -0.084778 0.000943 0.996399 -0.789700 0.000000 0.000000 0.000000 1.000000
0.996363 0.008812 0.084756 0.072000 -0.008670 0.999960 -0.002046 7.257300 -0.084770 0.001304 0.996400 -0.789700 0.000000 0.000000 0.000000 1.000000
0.996359 0.009032 0.084775 0.072000 -0.008864 0.999958 -0.002361 7.257300 -0.084793 0.001601 0.996397 -0.789700 0.000000 0.000000 0.000000 1.000000
0.996351 0.009266 0.084849 0.072000 -0.009075 0.999955 -0.002632 7.257300 -0.084870 0.001853 0.996390 -0.789700 0.000000 0.000000 0.000000 1.000000
0.996338 0.009523 0.084968 0.072000 -0.009309 0.999952 -0.002906 7.257300 -0.084991 0.002104 0.996379 -0.789700 0.000000 0.000000 0.000000 1.000000
0.996323 0.009807 0.085117 0.072000 -0.009568 0.999949 -0.003212 7.257300 -0.085144 0.002386 0.996366 -0.789700 0.000000 0.000000 0.000000 1.000000
0.996307 0.010102 0.085267 0.072000 -0.009836 0.999945 -0.003541 7.257300 -0.085298 0.002689 0.996352 -0.789700 0.000000 0.000000 0.000000 1.000000
0.996294 0.010396 0.085381 0.072000 -0.010101 0.999941 -0.003884 7.257300 -0.085416 0.003007 0.996341 -0.789700 0.000000 0.000000 0.000000 1.000000
0.996285 0.010681 0.085456 0.072000 -0.010358 0.999937 -0.004223 7.257300 -0.085496 0.003322 0.996333 -0.789700 0.000000 0.000000 0.000000 1.000000
0.996278 0.010945 0.085502 0.072000 -0.010595 0.999934 -0.004550 7.257300 -0.085546 0.003627 0.996328 -0.789700 0.000000 0.000000 0.000000 1.000000
0.996272 0.011185 0.085535 0.072000 -0.010809 0.999930 -0.004858 7.257300 -0.085583 0.003915 0.996323 -0.789700 0.000000 0.000000 0.000000 1.000000
0.996267 0.011403 0.085563 0.072000 -0.011003 0.999926 -0.005144 7.257300 -0.085616 0.004183 0.996319 -0.789700 0.000000 0.000000 0.000000 1.000000
0.996262 0.011592 0.085600 0.072000 -0.011170 0.999923 -0.005406 7.257300 -0.085656 0.004430 0.996315 -0.789700 0.000000 0.000000 0.000000 1.000000
0.996255 0.011722 0.085660 0.072000 -0.011281 0.999920 -0.005635 7.257300 -0.085719 0.004647 0.996309 -0.789700 0.000000 0.000000 0.000000 1.000000
0.996249 0.011805 0.085724 0.072000 -0.011347 0.999919 -0.005830 7.257300 -0.085786 0.004835 0.996302 -0.789700 0.000000 0.000000 0.000000 1.000000
0.996244 0.011873 0.085773 0.072000 -0.011400 0.999917 -0.006001 7.257300 -0.085837 0.005001 0.996297 -0.789700 0.000000 0.000000 0.000000 1.000000
0.996242 0.011954 0.085789 0.072000 -0.011468 0.999915 -0.006156 7.257300 -0.085856 0.005149 0.996294 -0.789700 0.000000 0.000000 0.000000 1.000000
0.996240 0.012044 0.085793 0.072000 -0.011547 0.999914 -0.006287 7.257300 -0.085861 0.005273 0.996293 -0.789700 0.000000 0.000000 0.000000 1.000000
0.996239 0.012132 0.085796 0.072000 -0.011627 0.999912 -0.006392 7.257300 -0.085866 0.005370 0.996292 -0.789700 0.000000 0.000000 0.000000 1.000000
0.996237 0.012203 0.085802 0.072000 -0.011689 0.999911 -0.006488 7.257300 -0.085874 0.005460 0.996291 -0.789700 0.000000 0.000000 0.000000 1.000000
0.996237 0.012234 0.085805 0.072000 -0.011717 0.999910 -0.006528 7.257300 -0.085877 0.005498 0.996291 -0.789700 0.000000 0.000000 0.000000 1.000000</float_array>
        <technique_common>
          <accessor source="#mixamorig_Spine-Matrix-animation-output-transform-array" count="60" stride="16">
            <param type="float4x4"/>
          </accessor>
        </technique_common>
      </source>
      <source id="mixamorig_Spine-Interpolations">
        <Name_array id="mixamorig_Spine-Interpolations-array" count="60">
 LINEAR LINEAR LINEAR LINEAR LINEAR LINEAR LINEAR LINEAR LINEAR LINEAR LINEAR
LINEAR LINEAR LINEAR LINEAR LINEAR LINEAR LINEAR LINEAR LINEAR LINEAR LINEAR LINEAR
LINEAR LINEAR LINEAR LINEAR LINEAR LINEAR LINEAR LINEAR LINEAR LINEAR LINEAR LINEAR
LINEAR LINEAR LINEAR LINEAR LINEAR LINEAR LINEAR LINEAR LINEAR LINEAR LINEAR LINEAR
LINEAR LINEAR LINEAR LINEAR LINEAR LINEAR LINEAR LINEAR LINEAR LINEAR LINEAR LINEAR
LINEAR</Name_array>
        <technique_common>
          <accessor source="#mixamorig_Spine-Interpolations-array" count="60">
            <param type="name"/>
          </accessor>
        </technique_common>
      </source>
      <sampler id="mixamorig_Spine-Matrix-animation-transform">
        <input semantic="INPUT" source="#mixamorig_Spine-Matrix-animation-input"/>
        <input semantic="OUTPUT" source="#mixamorig_Spine-Matrix-animation-output-transform"/>
        <input semantic="INTERPOLATION" source="#mixamorig_Spine-Interpolations"/>
      </sampler>
      <channel source="#mixamorig_Spine-Matrix-animation-transform" target="mixamorig_Spine/matrix"/>
    </animation>
    <animation id="mixamorig_Spine1-anim" name="mixamorig_Spine1">
      <source id="mixamorig_Spine1-Matrix-animation-input">
        <float_array id="mixamorig_Spine1-Matrix-animation-input-array" count="60">

0.000000 0.033333 0.066667 0.100000 0.133333 0.166667 0.200000 0.233333 0.266667 0.300000 0.333333 0.366667 0.400000 0.433333 0.466667 0.500000
0.533333 0.566667 0.600000 0.633333 0.666667 0.700000 0.733333 0.766667 0.800000 0.833333 0.866667 0.900000 0.933333 0.966667 1.000000 1.033333
1.066667 1.100000 1.133333 1.166667 1.200000 1.233333 1.266667 1.300000 1.333333 1.366667 1.400000 1.433333 1.466667 1.500000 1.533333 1.566667
1.600000 1.633333 1.666667 1.700000 1.733333 1.766667 1.800000 1.833333 1.866667 1.900000 1.933333 1.966667</float_array>
        <technique_common>
          <accessor source="#mixamorig_Spine1-Matrix-animation-input-array" count="60">
            <param name="TIME" type="float"/>
          </accessor>
        </technique_common>
      </source>
      <source id="mixamorig_Spine1-Matrix-animation-output-transform">
        <float_array id="mixamorig_Spine1-Matrix-animation-output-transform-array" count="960">

0.986184 0.037987 0.161239 -0.000000 -0.004814 0.979512 -0.201326 8.558700 -0.165583 0.197768 0.966162 0.000000 0.000000 0.000000 0.000000 1.000000
0.986184 0.037958 0.161244 0.000000 -0.004801 0.979533 -0.201224 8.558700 -0.165582 0.197670 0.966183 0.000000 0.000000 0.000000 0.000000 1.000000
0.986185 0.037888 0.161256 0.000000 -0.004766 0.979578 -0.201009 8.558700 -0.165578 0.197464 0.966226 0.000000 0.000000 0.000000 0.000000 1.000000
0.986204 0.037753 0.161172 0.000000 -0.004706 0.979646 -0.200678 8.558700 -0.165468 0.197151 0.966308 -0.000000 0.000000 0.000000 0.000000 1.000000
0.986247 0.037549 0.160954 0.000000 -0.004624 0.979739 -0.200225 8.558700 -0.165211 0.196727 0.966439 0.000000 0.000000 0.000000 0.000000 1.000000
0.986341 0.037201 0.160463 0.000000 -0.004474 0.979854 -0.199664 8.558700 -0.164658 0.196219 0.966636 -0.000000 0.000000 0.000000 0.000000 1.000000
0.986435 0.036850 0.159960 0.000000 -0.004335 0.979984 -0.199030 8.558700 -0.164093 0.195637 0.966850 -0.000000 0.000000 0.000000 0.000000 1.000000
0.986492 0.036545 0.159682 0.000000 -0.004211 0.980132 -0.198302 8.558700 -0.163756 0.194950 0.967046 0.000000 0.000000 0.000000 0.000000 1.000000
0.986508 0.036280 0.159644 0.000000 -0.004098 0.980302 -0.197460 8.558700 -0.163663 0.194141 0.967225 0.000000 0.000000 0.000000 0.000000 1.000000
0.986494 0.036042 0.159784 0.000000 -0.003998 0.980499 -0.196484 8.558700 -0.163749 0.193191 0.967400 0.000000 0.000000 0.000000 0.000000 1.000000
0.986465 0.035811 0.160013 0.000000 -0.003896 0.980704 -0.195458 8.558700 -0.163925 0.192189 0.967570 0.000000 0.000000 0.000000 0.000000 1.000000
0.986433 0.035568 0.160263 0.000000 -0.003769 0.980897 -0.194494 8.558700 -0.164120 0.191251 0.967723 0.000000 0.000000 0.000000 0.000000 1.000000
0.986418 0.035285 0.160422 0.000000 -0.003603 0.981068 -0.193629 8.558700 -0.164217 0.190421 0.967870 0.000000 0.000000 0.000000 0.000000 1.000000
0.986440 0.034944 0.160361 -0.000000 -0.003413 0.981228 -0.192822 8.558700 -0.164089 0.189660 0.968041 0.000000 0.000000 0.000000 0.000000 1.000000
0.986502 0.034548 0.160063 0.000000 -0.003217 0.981391 -0.191995 8.558700 -0.163718 0.188889 0.968255 0.000000 0.000000 0.000000 0.000000 1.000000
0.986563 0.034146 0.159771 0.000000 -0.003026 0.981568 -0.191092 8.558700 -0.163351 0.188040 0.968482 0.000000 0.000000 0.000000 0.000000 1.000000
0.986587 0.033775 0.159704 -0.000000 -0.002833 0.981756 -0.190126 8.558700 -0.163212 0.187123 0.968683 -0.000000 0.000000 0.000000 0.000000 1.000000
0.986569 0.033482 0.159876 0.000000 -0.002670 0.981942 -0.189162 8.558700 -0.163323 0.186194 0.968843 0.000000 0.000000 0.000000 0.000000 1.000000
0.986537 0.033247 0.160126 0.000000 -0.002541 0.982116 -0.188262 8.558700 -0.163521 0.185320 0.968977 0.000000 0.000000 0.000000 0.000000 1.000000
0.986519 0.033024 0.160283 0.000000 -0.002421 0.982265 -0.187483 8.558700 -0.163632 0.184568 0.969102 0.000000 0.000000 0.000000 0.000000 1.000000
0.986526 0.032798 0.160280 0.000000 -0.002314 0.982399 -0.186781 8.558700 -0.163585 0.183893 0.969238 0.000000 0.000000 0.000000 0.000000 1.000000
0.986550 0.032596 0.160177 0.000000 -0.002245 0.982525 -0.186118 8.558700 -0.163445 0.183255 0.969383 0.000000 0.000000 0.000000 0.000000 1.000000
0.986570 0.032428 0.160085 0.000000 -0.002204 0.982648 -0.185469 8.558700 -0.163322 0.182626 0.969523 0.000000 0.000000 0.000000 0.000000 1.000000
0.986578 0.032296 0.160067 -0.000000 -0.002177 0.982761 -0.184870 8.558700 -0.163278 0.182040 0.969640 0.000000 0.000000 0.000000 0.000000 1.000000
0.986575 0.032200 0.160104 0.000000 -0.002157 0.982854 -0.184375 8.558700 -0.163295 0.181554 0.969728 0.000000 0.000000 0.000000 0.000000 1.000000
0.986563 0.032158 0.160184 0.000000 -0.002157 0.982916 -0.184042 8.558700 -0.163366 0.181224 0.969778 0.000000 0.000000 0.000000 0.000000 1.000000
0.986547 0.032198 0.160274 0.000000 -0.002197 0.982935 -0.183943 8.558700 -0.163461 0.181116 0.969782 0.000000 0.000000 0.000000 0.000000 1.000000
0.986530 0.032332 0.160351 -0.000000 -0.002286 0.982901 -0.184122 8.558700 -0.163562 0.181276 0.969735 -0.000000 0.000000 0.000000 0.000000 1.000000
0.986514 0.032526 0.160415 0.000000 -0.002398 0.982824 -0.184529 8.558700 -0.163662 0.181656 0.969647 0.000000 0.000000 0.000000 0.000000 1.000000
0.986495 0.032745 0.160483 0.000000 -0.002518 0.982728 -0.185039 8.558700 -0.163770 0.182136 0.969539 0.000000 0.000000 0.000000 0.000000 1.000000
0.986478 0.032956 0.160543 -0.000000 -0.002622 0.982623 -0.185596 8.558700 -0.163870 0.182665 0.969422 0.000000 0.000000 0.000000 0.000000 1.000000
0.986473 0.033148 0.160538 0.000000 -0.002702 0.982496 -0.186266 8.558700 -0.163903 0.183312 0.969295 0.000000 0.000000 0.000000 0.000000 1.000000
0.986482 0.033327 0.160444 0.000000 -0.002758 0.982338 -0.187093 8.558700 -0.163846 0.184121 0.969151 -0.000000 0.000000 0.000000 0.000000 1.000000
0.986498 0.033499 0.160309 0.000000 -0.002810 0.982174 -0.187954 8.558700 -0.163747 0.184966 0.969007 0.000000 0.000000 0.000000 0.000000 1.000000
0.986506 0.033684 0.160224 0.000000 -0.002877 0.982024 -0.188736 8.558700 -0.163701 0.185728 0.968869 -0.000000 0.000000 0.000000 0.000000 1.000000
0.986493 0.033897 0.160259 0.000000 -0.002969 0.981894 -0.189407 8.558700 -0.163778 0.186373 0.968732 0.000000 0.000000 0.000000 0.000000 1.000000
0.986464 0.034137 0.160388 -0.000000 -0.003077 0.981772 -0.190036 8.558700 -0.163951 0.186971 0.968588 0.000000 0.000000 0.000000 0.000000 1.000000
0.986437 0.034383 0.160499 0.000000 -0.003189 0.981644 -0.190694 8.558700 -0.164110 0.187595 0.968440 -0.000000 0.000000 0.000000 0.000000 1.000000
0.986429 0.034583 0.160506 0.000000 -0.003260 0.981498 -0.191442 8.558700 -0.164157 0.188321 0.968291 -0.000000 0.000000 0.000000 0.000000 1.000000
0.986439 0.034706 0.160414 -0.000000 -0.003267 0.981345 -0.192226 8.558700 -0.164093 0.189095 0.968151 0.000000 0.000000 0.000000 0.000000 1.000000
0.986454 0.034852 0.160293 0.000000 -0.003314 0.981204 -0.192945 8.558700 -0.164005 0.189800 0.968028 -0.000000 0.000000 0.000000 0.000000 1.000000
0.986455 0.035044 0.160247 0.000000 -0.003413 0.981086 -0.193544 8.558700 -0.163999 0.190376 0.967916 0.000000 0.000000 0.000000 0.000000 1.000000
0.986434 0.035276 0.160324 -0.000000 -0.003541 0.980983 -0.194061 8.558700 -0.164121 0.190861 0.967800 -0.000000 0.000000 0.000000 0.000000 1.000000
0.986397 0.035537 0.160496 -0.000000 -0.003678 0.980880 -0.194581 8.558700 -0.164342 0.191343 0.967667 0.000000 0.000000 0.000000 0.000000 1.000000
0.986350 0.035822 0.160721 -0.000000 -0.003819 0.980764 -0.195160 8.558700 -0.164620 0.191882 0.967513 0.000000 0.000000 0.000000 0.000000 1.000000
0.986305 0.036094 0.160936 0.000000 -0.003940 0.980640 -0.195782 8.558700 -0.164887 0.192466 0.967352 -0.000000 0.000000 0.000000 0.000000 1.000000
0.986274 0.036335 0.161069 0.000000 -0.004044 0.980510 -0.196428 8.558700 -0.165067 0.193080 0.967198 0.000000 0.000000 0.000000 0.000000 1.000000
0.986257 0.036554 0.161124 0.000000 -0.004142 0.980382 -0.197065 8.558700 -0.165166 0.193689 0.967060 0.000000 0.000000 0.000000 0.000000 1.000000
0.986249 0.036751 0.161126 -0.000000 -0.004232 0.980257 -0.197680 8.558700 -0.165210 0.194280 0.966934 0.000000 0.000000 0.000000 0.000000 1.000000
0.986245 0.036927 0.161112 0.000000 -0.004310 0.980140 -0.198261 8.558700 -0.165233 0.194839 0.966817 -0.000000 0.000000 0.000000 0.000000 1.000000
0.986241 0.037082 0.161101 -0.000000 -0.004375 0.980030 -0.198800 8.558700 -0.165256 0.195360 0.966708 0.000000 0.000000 0.000000 0.000000 1.000000
0.986234 0.037218 0.161113 0.000000 -0.004423 0.979930 -0.199295 8.558700 -0.165297 0.195839 0.966604 0.000000 0.000000 0.000000 0.000000 1.000000
0.986218 0.037318 0.161185 0.000000 -0.004433 0.979841 -0.199728 8.558700 -0.165389 0.196261 0.966503 -0.000000 0.000000 0.000000 0.000000 1.000000
0.986201 0.037379 0.161276 0.000000 -0.004413 0.979766 -0.200098 8.558700 -0.165492 0.196626 0.966411 0.000000 0.000000 0.000000 0.000000 1.000000
0.986188 0.037436 0.161341 -0.000000 -0.004400 0.979699 -0.200426 8.558700 -0.165569 0.196947 0.966333 0.000000 0.000000 0.000000 0.000000 1.000000
0.986184 0.037531 0.161348 0.000000 -0.004442 0.979637 -0.200725 8.558700 -0.165596 0.197235 0.966269 0.000000 0.000000 0.000000 0.000000 1.000000
0.986183 0.037631 0.161327 0.000000 -0.004502 0.979586 -0.200977 8.558700 -0.165597 0.197474 0.966220 0.000000 0.000000 0.000000 0.000000 1.000000
0.986183 0.037716 0.161308 -0.000000 -0.004556 0.979544 -0.201176 8.558700 -0.165596 0.197662 0.966182 0.000000 0.000000 0.000000 0.000000 1.000000
0.986183 0.037769 0.161299 0.000000 -0.004579 0.979507 -0.201358 8.558700 -0.165598 0.197837 0.966146 0.000000 0.000000 0.000000 0.000000 1.000000
0.986182 0.037791 0.161295 0.000000 -0.004589 0.979492 -0.201433 8.558700 -0.165599 0.197909 0.966131 0.000000 0.000000 0.000000 0.000000 1.000000</float_array>
        <technique_common>
          <accessor source="#mixamorig_Spine1-Matrix-animation-output-transform-array" count="60" stride="16">
            <param type="float4x4"/>
          </accessor>
        </technique_common>
      </source>
      <source id="mixamorig_Spine1-Interpolations">
        <Name_array id="mixamorig_Spine1-Interpolations-array" count="60">
 LINEAR LINEAR LINEAR LINEAR LINEAR LINEAR LINEAR LINEAR LINEAR LINEAR LINEAR
LINEAR LINEAR LINEAR LINEAR LINEAR LINEAR LINEAR LINEAR LINEAR LINEAR LINEAR LINEAR
LINEAR LINEAR LINEAR LINEAR LINEAR LINEAR LINEAR LINEAR LINEAR LINEAR LINEAR LINEAR
LINEAR LINEAR LINEAR LINEAR LINEAR LINEAR LINEAR LINEAR LINEAR LINEAR LINEAR LINEAR
LINEAR LINEAR LINEAR LINEAR LINEAR LINEAR LINEAR LINEAR LINEAR LINEAR LINEAR LINEAR
LINEAR</Name_array>
        <technique_common>
          <accessor source="#mixamorig_Spine1-Interpolations-array" count="60">
            <param type="name"/>
          </accessor>
        </technique_common>
      </source>
      <sampler id="mixamorig_Spine1-Matrix-animation-transform">
        <input semantic="INPUT" source="#mixamorig_Spine1-Matrix-animation-input"/>
        <input semantic="OUTPUT" source="#mixamorig_Spine1-Matrix-animation-output-transform"/>
        <input semantic="INTERPOLATION" source="#mixamorig_Spine1-Interpolations"/>
      </sampler>
      <channel source="#mixamorig_Spine1-Matrix-animation-transform" target="mixamorig_Spine1/matrix"/>
    </animation>
    <animation id="mixamorig_Spine2-anim" name="mixamorig_Spine2">
      <source id="mixamorig_Spine2-Matrix-animation-input">
        <float_array id="mixamorig_Spine2-Matrix-animation-input-array" count="60">

0.000000 0.033333 0.066667 0.100000 0.133333 0.166667 0.200000 0.233333 0.266667 0.300000 0.333333 0.366667 0.400000 0.433333 0.466667 0.500000
0.533333 0.566667 0.600000 0.633333 0.666667 0.700000 0.733333 0.766667 0.800000 0.833333 0.866667 0.900000 0.933333 0.966667 1.000000 1.033333
1.066667 1.100000 1.133333 1.166667 1.200000 1.233333 1.266667 1.300000 1.333333 1.366667 1.400000 1.433333 1.466667 1.500000 1.533333 1.566667
1.600000 1.633333 1.666667 1.700000 1.733333 1.766667 1.800000 1.833333 1.866667 1.900000 1.933333 1.966667</float_array>
        <technique_common>
          <accessor source="#mixamorig_Spine2-Matrix-animation-input-array" count="60">
            <param name="TIME" type="float"/>
          </accessor>
        </technique_common>
      </source>
      <source id="mixamorig_Spine2-Matrix-animation-output-transform">
        <float_array id="mixamorig_Spine2-Matrix-animation-output-transform-array" count="960">

0.986184 0.053092 0.156914 -0.000000 -0.004814 0.956033 -0.293220 29.149500 -0.165583 0.288414 0.943080 1.721100 0.000000 0.000000 0.000000 1.000000
0.986184 0.053064 0.156923 0.000000 -0.004801 0.956063 -0.293121 29.149500 -0.165582 0.288318 0.943109 1.721100 0.000000 0.000000 0.000000 1.000000
0.986185 0.052995 0.156941 0.000000 -0.004766 0.956128 -0.292911 29.149500 -0.165578 0.288117 0.943172 1.721100 0.000000 0.000000 0.000000 1.000000
0.986204 0.052853 0.156870 0.000000 -0.004706 0.956227 -0.292587 29.149500 -0.165468 0.287812 0.943284 1.721100 0.000000 0.000000 0.000000 1.000000
0.986247 0.052629 0.156673 0.000000 -0.004624 0.956363 -0.292146 29.149500 -0.165211 0.287403 0.943454 1.721100 0.000000 0.000000 0.000000 1.000000
0.986341 0.052236 0.156217 0.000000 -0.004474 0.956530 -0.291598 29.149500 -0.164658 0.286916 0.943698 1.721100 0.000000 0.000000 0.000000 1.000000
0.986435 0.051839 0.155749 -0.000000 -0.004335 0.956720 -0.290979 29.149500 -0.164092 0.286357 0.943967 1.721100 0.000000 0.000000 0.000000 1.000000
0.986492 0.051509 0.155501 -0.000000 -0.004211 0.956936 -0.290268 29.149500 -0.163756 0.285692 0.944227 1.721100 0.000000 0.000000 0.000000 1.000000
0.986508 0.051242 0.155489 0.000000 -0.004098 0.957186 -0.289446 29.149500 -0.163663 0.284904 0.944481 1.721100 0.000000 0.000000 0.000000 1.000000
0.986494 0.051018 0.155651 0.000000 -0.003998 0.957474 -0.288493 29.149500 -0.163750 0.283974 0.944746 1.721100 0.000000 0.000000 0.000000 1.000000
0.986465 0.050809 0.155901 -0.000000 -0.003896 0.957775 -0.287492 29.149500 -0.163925 0.282993 0.945010 1.721100 0.000000 0.000000 0.000000 1.000000
0.986433 0.050591 0.156173 -0.000000 -0.003769 0.958058 -0.286550 29.149500 -0.164120 0.282073 0.945251 1.721100 0.000000 0.000000 0.000000 1.000000
0.986418 0.050324 0.156357 0.000000 -0.003603 0.958311 -0.285705 29.149500 -0.164217 0.281261 0.945476 1.721100 0.000000 0.000000 0.000000 1.000000
0.986440 0.049980 0.156330 -0.000000 -0.003413 0.958546 -0.284917 29.149500 -0.164089 0.280519 0.945719 1.721100 0.000000 0.000000 0.000000 1.000000
0.986502 0.049557 0.156070 -0.000000 -0.003217 0.958787 -0.284109 29.149500 -0.163718 0.279772 0.946004 1.721100 0.000000 0.000000 0.000000 1.000000
0.986563 0.049129 0.155817 0.000000 -0.003026 0.959048 -0.283226 29.149500 -0.163351 0.278949 0.946311 1.721100 0.000000 0.000000 0.000000 1.000000
0.986587 0.048753 0.155786 0.000000 -0.002833 0.959327 -0.282283 29.149500 -0.163212 0.278055 0.946598 1.721100 0.000000 0.000000 0.000000 1.000000
0.986569 0.048478 0.155985 0.000000 -0.002670 0.959604 -0.281341 29.149500 -0.163323 0.277146 0.946845 1.721100 0.000000 0.000000 0.000000 1.000000
0.986537 0.048268 0.156255 -0.000000 -0.002541 0.959862 -0.280462 29.149500 -0.163521 0.276288 0.947062 1.721100 0.000000 0.000000 0.000000 1.000000
0.986519 0.048061 0.156433 -0.000000 -0.002421 0.960084 -0.279701 29.149500 -0.163632 0.275551 0.947257 1.721100 0.000000 0.000000 0.000000 1.000000
0.986527 0.047835 0.156452 -0.000000 -0.002314 0.960284 -0.279014 29.149500 -0.163585 0.274892 0.947457 1.721100 0.000000 0.000000 0.000000 1.000000
0.986550 0.047624 0.156368 0.000000 -0.002245 0.960473 -0.278366 29.149500 -0.163445 0.274271 0.947661 1.721100 0.000000 0.000000 0.000000 1.000000
0.986570 0.047449 0.156293 0.000000 -0.002204 0.960656 -0.277732 29.149500 -0.163321 0.273658 0.947860 1.721100 0.000000 0.000000 0.000000 1.000000
0.986578 0.047315 0.156287 -0.000000 -0.002177 0.960826 -0.277145 29.149500 -0.163278 0.273085 0.948032 1.721100 0.000000 0.000000 0.000000 1.000000
0.986575 0.047223 0.156333 -0.000000 -0.002157 0.960965 -0.276662 29.149500 -0.163295 0.272610 0.948166 1.721100 0.000000 0.000000 0.000000 1.000000
